0	0	0	0	0	0	0	0	0	0	0	0	0	0	0	0	0	0	0	0	0	0	0	0	0	0	0	0	0	0	0	0	0	0	0	0	0	0	0	0	0	0	0	0	0	0	0	0	0	0	0	0	0	0	0	0	0	0	0	0	0	0	0	0	0	0	0	0	0	0	0	0	0	0	0	0	0	0	0	0	0	0	0	0	0	0	0	0	0	0	0	0	0	0	0	0	0	0	0	0
0	0	0	0	0	0	0	0	0	0	0	0	0	0	0	0	0	0	0	0	0	0	0	0	0	0	0	0	0	0	0	0	0	0	0	0	0	0	0	0	0	0	0	0	0	0	0	0	0	0	0	0	0	0	0	0	0	0	0	0	0	0	0	0	0	0	0	0	0	0	0	0	0	0	0	0	0	0	0	0	0	0	0	0	0	0	0	0	0	0	0	0	0	0	0	0	0	0	0	0
0	0	0	0	0	0	0	0	0	0	0	0	0	0	0	0	0	0	0	0	0	0	0	0	0	0	0	0	0	0	0	0	0	0	0	0	0	0	0	0	0	0	0	0	0	0	0	0	0	0	0	0	0	0	0	0	0	0	0	0	0	0	0	0	0	0	0	0	0	0	0	0	0	0	0	0	0	0	0	0	0	0	0	0	0	0	0	0	0	0	0	0	0	0	0	0	0	0	0	0
0	0	0	0	0	0	0	0	0	0	0	0	0	0	0	0	0	0	0	0	0	0	0	0	0	0	0	0	0	0	0	0	0	0	0	0	0	0	0	0	0	0	0	0	0	0	0	0	0	0	0	0	0	0	0	0	0	0	0	0	0	0	0	0	0	0	0	0	0	0	0	0	0	0	0	0	0	0	0	0	0	0	0	0	0	0	0	0	0	0	0	0	0	0	0	0	0	0	0	0
0	0	0	0	0	0	0	0	0	0	0	0	0	0	0	0	0	0	0	0	0	0	0	0	0	0	0	0	0	0	0	0	0	0	0	0	0	0	0	0	0	0	0	0	0	0	0	0	0	0	0	0	0	0	0	0	0	0	0	0	0	0	0	0	0	0	0	0	0	0	0	0	0	0	0	0	0	0	0	0	0	0	0	0	0	0	0	0	0	0	0	0	0	0	0	0	0	0	0	0
0	0	0	0	0	0	0	0	0	0	0	0	0	0	0	0	0	0	0	0	0	0	0	0	0	0	0	0	0	0	0	0	0	0	0	0	0	0	0	0	0	0	0	0	0	0	0	0	0	0	0	0	0	0	0	0	0	0	0	0	0	0	0	0	0	0	0	0	0	0	0	0	0	0	0	0	0	0	0	0	0	0	0	0	0	0	0	0	0	0	0	0	0	0	0	0	0	0	0	0
0	0	0	0	0	0	0	0	0	0	0	0	0	0	0	0	0	0	0	0	0	0	0	0	0	0	0	0	0	0	0	0	0	0	0	0	0	0	0	0	0	0	0	0	0	0	0	0	0	0	0	0	0	0	0	0	0	0	0	0	0	0	0	0	0	0	0	0	0	0	0	0	0	0	0	0	0	0	0	0	0	0	0	0	0	0	0	0	0	0	0	0	0	0	0	0	0	0	0	0
0	0	0	0	0	0	0	0	0	0	0	0	0	0	0	0	0	0	0	0	0	0	0	0	0	0	0	0	0	0	0	0	0	0	0	0	0	0	0	0	0	0	0	0	0	0	0	0	0	0	0	0	0	0	0	0	0	0	0	0	0	0	0	0	0	0	0	0	0	0	0	0	0	0	0	0	0	0	0	0	0	0	0	0	0	0	0	0	0	0	0	0	0	0	0	0	0	0	0	0
0	0	0	0	0	0	0	0	0	0	0	0	0	0	0	0	0	0	0	0	0	0	0	0	0	0	0	0	0	0	0	0	0	0	0	0	0	0	0	0	0	0	0	0	0	0	0	0	0	0	0	0	0	0	0	0	0	0	0	0	0	0	0	0	0	0	0	0	0	0	0	0	0	0	0	0	0	0	0	0	0	0	0	0	0	0	0	0	0	0	0	0	0	0	0	0	0	0	0	0
0	0	0	0	0	0	0	0	0	0	0	0	0	0	0	0	0	0	0	0	0	0	0	0	0	0	0	0	0	0	0	0	0	0	0	0	0	0	0	0	0	0	0	0	0	0	0	0	0	0	0	0	0	0	0	0	0	0	0	0	0	0	0	0	0	0	0	0	0	0	0	0	0	0	0	0	0	0	0	0	0	0	0	0	0	0	0	0	0	0	0	0	0	0	0	0	0	0	0	0
0	0	0	0	0	0	0	0	0	0	0	0	0	0	0	0	0	0	0	0	0	0	0	0	0	0	0	0	0	0	0	0	0	0	0	0	0	0	0	0	0	0	0	0	0	0	0	0	0	0	0	0	0	0	0	0	0	0	0	0	0	0	0	0	0	0	0	0	0	0	0	0	0	0	0	0	0	0	0	0	0	0	0	0	0	0	0	0	0	0	0	0	0	0	0	0	0	0	0	0
0	0	0	0	0	0	0	0	0	0	0	0	0	0	0	0	0	0	0	0	0	0	0	0	0	0	0	0	0	0	0	0	0	0	0	0	0	0	0	0	0	0	0	0	0	0	0	0	0	0	0	0	0	0	0	0	0	0	0	0	0	0	0	0	0	0	0	0	0	0	0	0	0	0	0	0	0	0	0	0	0	0	0	0	0	0	0	0	0	0	0	0	0	0	0	0	109.08	204.49	292.37	375.24
0	0	0	0	0	0	0	0	0	0	0	0	0	0	0	0	0	0	0	0	0	0	0	0	0	0	0	0	0	0	0	0	0	0	0	0	0	0	0	0	0	0	0	0	0	0	0	0	0	0	0	0	0	0	0	0	0	0	0	0	0	0	0	0	0	0	0	0	0	0	0	0	0	0	0	0	0	0	0	0	41.515	107.71	170.12	230.8	290.33	349.04	407.09	464.55	521.41	577.65	633.16	687.86	741.66	794.5	846.36	897.2	946.44	992.52	1035.4	1075.6
0	0	0	0	0	0	0	0	0	0	0	0	0	0	0	0	0	0	0	0	0	0	0	0	0	0	0	0	0	0	0	0	0	0	0	0	0	0	0	0	0	0	0	0	0	0	0	0	0	0	0	0	0	0	0	0	0	0	19.142	47.567	75.864	104.47	133.6	163.36	193.78	224.91	256.72	289.21	322.37	356.17	390.59	425.59	461.12	497.11	533.5	570.25	607.31	644.65	682.21	719.96	757.74	794.83	830.65	865.32	899.1	932.16	964.59	996.5	1027.9	1058.8	1089.2	1119	1148.3	1177.1	1205.4	1233.3	1260.8	1287.6	1313.7	859.25
98.437	53.91	52.457	81.961	111.15	133.79	150.47	163.16	173.6	182.81	191.38	199.7	208.01	216.46	225.17	234.16	243.4	252.83	262.38	271.94	281.46	290.9	300.23	309.44	318.54	327.55	336.49	345.39	354.28	363.2	372.19	381.29	390.53	399.95	409.59	419.49	429.68	440.2	451.04	462.22	473.72	485.54	497.67	510.1	522.83	535.87	549.21	562.89	576.9	591.29	606.06	621.25	636.87	652.95	669.53	686.61	704.22	722.39	741.07	759.99	779.01	798.17	817.57	837.25	857.26	877.6	898.29	919.32	940.68	962.36	984.35	1006.6	1029.1	1051.8	1074.7	1097.8	1121.1	1144.5	1168.2	1192.1	1216.1	1240.2	1264.2	1288.1	1311.9	1335.6	1359.2	1382.8	1052.4	937.54	829.55	726.04	625.57	527.2	430.3	334.41	239.16	143.9	48.021	30.019
221.42	1133.6	1342.6	1403.8	1418.6	1419.2	1415.7	1411.6	1407.5	1403.6	1399.8	1396.4	1393.4	1390.8	1388.6	1386.8	1385.5	1384.4	1383.7	1383.2	1383	1382.9	1383.1	1383.3	1383.7	1384.1	1384.7	1385.5	1386.3	1387.3	1388.4	1389.6	1391	1392.6	1394.4	1396.4	1398.7	1401.2	1404	1407	1410.4	1414	1418	1422.3	1426.9	1431.8	1437.1	1442.7	1448.7	1455.1	1461.9	1469.1	1476.8	1484.9	1493.5	1502.6	1512.2	1522.4	1533	1544.2	1555.9	1567.9	1580.5	1593.5	1607	1621.1	1635.6	1650.7	1666.4	1682.5	1447.8	1367.3	1290.1	1214.7	1140.3	1066.1	991.82	917.09	841.7	765.49	688.33	609.98	530.07	448.35	364.77	279.37	192.24	103.48	21.501	19.332	17.371	15.579	13.926	12.393	10.965	9.6302	8.3809	7.2095	6.114	5.3989
371.11	2242.4	2767.8	2951.2	3013.9	3032.2	3032.7	1322.6	1227.8	1173.2	1144.9	1133.7	1133.5	1140.4	1151.5	1164.8	1178.8	1192.5	1205.1	1216.3	1225.8	1233.4	1239.2	1243.3	1245.6	1246.3	1245.6	1243.5	1240.1	1235.4	1229.6	1222.8	1214.8	1205.8	1195.7	1184.6	1172.4	1159.1	1144.7	1129.2	1112.5	1094.6	1075.5	1055.2	1033.7	1011.2	987.42	962.57	936.61	909.53	881.33	852.01	821.53	789.86	756.97	722.81	687.33	650.48	612.18	572.33	530.72	487.23	441.81	394.41	345.03	293.67	240.33	185.02	127.76	68.544	19.718	18.424	17.201	16.036	14.92	13.847	12.813	11.815	10.852	9.9229	9.026	8.1608	7.3284	6.5326	5.7767	5.0615	4.3849	3.7436	3.1584	2.8545	2.5786	2.3289	2.1021	1.895	1.7055	1.5316	1.3718	1.225	1.0907	0.9697
