0	0	0	0	0	0	0	0	0	0	0	0	0	0	0	0	0	0	0	0	0	0	0	0	0	0	0	0	0	0	0	0	0	0	0	0	0	0	0	0	0	0	0	0	0	0	0	0	0	0	0	0	0	0	0	0	0	0	0	0	0	0	0	0	0	0	0	0	0	0	0	0	0	0	0	0	0	0	0	0	0	0	0	0	0	0	0	0	0	0	0	0	0	0	0	0	0	0	0	0
0	0	0	0	0	0	0	0	0	0	0	0	0	0	0	0	0	0	0	0	0	0	0	0	0	0	0	0	0	0	0	0	0	0	0	0	0	0	0	0	0	0	0	0	0	0	0	0	0	0	0	0	0	0	0	0	0	0	0	0	0	0	0	0	0	0	0	0	0	0	0	0	0	0	0	0	0	0	0	0	0	0	0	0	0	0	0	0	0	0	0	0	0	0	0	0	0	0	0	0
0	0	0	0	0	0	0	0	0	0	0	0	0	0	0	0	0	0	0	0	0	0	0	0	0	0	0	0	0	0	0	0	0	0	0	0	0	0	0	0	0	0	0	0	0	0	0	0	0	0	0	0	0	0	0	0	0	0	0	0	0	0	0	0	0	0	0	0	0	0	0	0	0	0	0	0	0	0	0	0	0	0	0	0	0	0	0	0	0	0	0	0	0	0	0	0	0	0	0	0
0	0	0	0	0	0	0	0	0	0	0	0	0	0	0	0	0	0	0	0	0	0	0	0	0	0	0	0	0	0	0	0	0	0	0	0	0	0	0	0	0	0	0	0	0	0	0	0	0	0	0	0	0	0	0	0	0	0	0	0	0	0	0	0	0	0	0	0	0	0	0	0	0	0	0	0	0	0	0	0	0	0	0	0	0	0	0	0	0	0	0	0	0	0	0	0	0	0	0	0
0	0	0	0	0	0	0	0	0	0	0	0	0	0	0	0	0	0	0	0	0	0	0	0	0	0	0	0	0	0	0	0	0	0	0	0	0	0	0	0	0	0	0	0	0	0	0	0	0	0	0	0	0	0	0	0	0	0	0	0	0	0	0	0	0	0	0	0	0	0	0	0	0	0	0	0	0	0	0	0	0	0	0	0	0	0	0	0	0	0	0	0	0	0	0	0	0	0	0	0
0	0	0	0	0	0	0	0	0	0	0	0	0	0	0	0	0	0	0	0	0	0	0	0	0	0	0	0	0	0	0	0	0	0	0	0	0	0	0	0	0	0	0	0	0	0	0	0	0	0	0	0	0	0	0	0	0	0	0	0	0	0	0	0	0	0	0	0	0	0	0	0	0	0	0	0	0	0	0	0	0	0	0	0	0	0	0	0	0	0	0	0	0	0	0	0	0	0	0	0
0	0	0	0	0	0	0	0	0	0	0	0	0	0	0	0	0	0	0	0	0	0	0	0	0	0	0	0	0	0	0	0	0	0	0	0	0	0	0	0	0	0	0	0	0	0	0	0	0	0	0	0	0	0	0	0	0	0	0	0	0	0	0	0	0	0	0	0	0	0	0	0	0	0	0	0	0	0	0	0	0	0	0	0	0	0	0	0	0	0	0	16.374	43.524	68.773	92.824	116.08	138.71	160.74	182.15	202.92
0	0	0	0	0	0	0	0	0	0	0	0	0	0	0	0	0	0	0	0	0	0	0	0	0	0	0	0	0	0	0	0	0	0	0	0	0	0	0	0	0	0	0	0	0	0	0	0	0	0	0	0	0	0	0	0	0	0	0	0	0	0	0	0	0	0	0	0	0	0	0	0	10.704	35.073	58.381	81.08	103.34	125.17	146.54	167.41	187.72	207.41	226.45	244.79	262.39	279.23	295.27	310.51	324.91	338.45	351.05	362.48	371.81	377.76	381.36	384.15	386.63	388.94	391.15	393.27
0	0	0	0	0	0	0	0	0	0	0	0	0	0	0	0	0	0	0	0	0	0	0	0	0	0	0	0	0	0	0	0	0	0	0	0	0	0	0	0	0	0	0	0	0	0	0	0	0	0	0	0	0	0	0	3.3108	19.953	36.686	53.577	70.607	87.717	104.84	121.89	138.79	155.48	171.87	187.89	203.49	218.6	233.13	247	259.97	271.05	278.2	283.06	287.33	291.37	295.27	299.08	302.79	306.42	309.98	313.46	316.87	320.21	323.48	326.68	329.81	332.88	335.88	338.81	341.69	344.5	347.25	349.93	352.56	355.13	357.64	360.1	362.5
0	0	0	0	0	0	0	0	0	0	0	0	0	0	0	0	0	0	0	0	0	0	0	0	0	0	0	0	0	0	0	0	0	0	0	0	0	0	6.528	13.764	21.428	29.511	37.994	46.851	56.049	65.553	75.32	85.305	95.459	105.73	116.06	126.37	136.55	146.23	154.03	159.67	164.73	169.65	174.5	179.32	184.1	188.86	193.58	198.27	202.93	207.54	212.12	216.65	221.13	225.57	229.96	234.3	238.58	242.81	246.98	251.1	255.16	259.16	263.11	266.99	270.81	274.58	278.28	281.92	285.51	289.03	292.49	295.89	299.23	302.51	305.73	308.9	312	315.04	318.03	320.96	323.84	326.65	329.42	332.12
0	0	0	0	0	0	0	0	0	0	0	0	0	0	0	0	0	0	3.0165	6.6216	10.124	13.548	16.919	20.258	23.589	26.934	30.312	33.743	37.245	40.832	44.515	48.299	52.174	56.076	59.69	62.571	65.187	67.846	70.61	73.494	76.501	79.629	82.875	86.232	89.697	93.264	96.925	100.68	104.51	108.42	112.4	116.45	120.55	124.7	128.9	133.15	137.42	141.72	146.05	150.4	154.76	159.13	163.5	167.88	172.25	176.61	180.96	185.3	189.62	193.91	198.19	202.43	206.65	210.84	214.99	219.1	223.18	227.22	231.22	235.17	239.09	242.95	246.77	250.55	254.27	257.95	261.58	265.16	268.69	272.16	275.59	278.97	282.3	285.57	288.8	291.97	295.09	298.17	301.19	304.16
0	5.5613	18.79	24.31	27.617	30.22	32.562	34.777	36.9	38.937	40.884	42.722	44.403	45.759	46.629	47.222	47.711	48.158	48.584	49.006	49.433	49.877	50.347	50.853	51.403	52.009	52.677	53.417	54.237	55.143	56.143	57.242	58.445	59.758	61.183	62.724	64.382	66.16	68.057	70.074	72.211	74.465	76.836	79.322	81.919	84.624	87.435	90.347	93.356	96.458	99.65	102.93	106.28	109.71	113.21	116.78	120.4	124.08	127.82	131.59	135.41	139.27	143.16	147.08	151.02	154.99	158.96	162.95	166.95	170.96	174.97	178.97	182.97	186.96	190.95	194.92	198.87	202.81	206.73	210.62	214.49	218.34	222.16	225.95	229.7	233.43	237.13	240.79	244.41	248	251.55	255.07	258.54	261.98	265.38	268.74	250.24	234.43	220.09	206.71
13.124	41.032	43.346	45.985	48.548	50.885	52.959	54.781	56.379	57.782	59.02	60.116	61.093	61.968	62.754	63.466	64.114	64.707	65.255	65.767	66.25	66.712	67.163	67.61	68.061	68.524	69.007	69.519	70.066	70.656	71.297	71.995	72.756	73.588	74.495	75.482	76.553	77.714	78.966	80.313	81.758	83.301	84.944	86.688	88.533	90.478	92.524	94.668	96.91	99.247	101.68	104.2	106.81	109.51	112.29	115.15	118.08	121.09	124.16	127.31	130.51	133.77	137.09	140.46	143.87	147.33	150.83	154.37	157.94	161.54	165.17	168.82	172.49	176.17	179.87	183.59	187.31	191.04	194.77	198.5	193.93	184.42	175.67	167.25	159.05	151	143.08	135.26	127.54	119.93	112.45	105.11	97.928	90.917	84.081	77.425	71.064	65.311	60.172	55.547
18.124	57.778	69.012	76.454	81.629	85.404	88.281	90.561	92.429	93.996	95.336	96.501	97.526	98.434	99.243	99.969	100.62	101.21	101.74	102.22	102.67	103.07	103.45	103.81	104.15	104.48	104.8	105.13	105.47	105.82	106.2	106.6	107.04	107.51	108.03	108.61	109.23	109.92	110.67	111.49	112.39	113.36	114.4	115.53	116.75	118.05	119.43	120.91	122.47	124.12	125.87	127.7	129.62	131.62	133.72	135.89	138.16	140.5	139.09	135.91	132.83	129.76	126.66	123.5	120.27	116.96	113.58	110.13	106.59	102.98	99.299	95.547	91.735	87.874	83.972	80.037	76.073	72.088	68.087	64.078	60.088	56.26	52.709	49.405	46.298	43.352	40.542	37.852	35.269	32.796	30.441	28.202	26.069	24.037	22.097	20.245	18.482	16.842	15.355	14.046
74.063	178.05	171.85	162.13	154.06	148.27	144.27	141.45	139.31	137.57	136.04	134.6	133.18	131.73	130.22	128.64	126.99	125.27	123.51	121.73	119.93	118.13	116.34	114.56	112.79	111.04	109.29	107.55	105.82	104.09	102.35	100.62	98.872	97.116	95.344	93.555	91.745	89.914	88.063	86.195	84.316	82.433	80.549	78.671	76.802	74.943	73.096	71.26	69.434	67.616	65.803	63.991	62.178	60.359	58.529	56.686	54.825	52.943	51.046	49.189	47.403	45.673	43.985	42.325	40.687	39.065	37.457	35.863	34.284	32.719	31.169	29.642	28.145	26.681	25.248	23.844	22.468	21.118	19.796	18.499	17.231	16.004	14.847	13.773	12.779	11.854	10.989	10.177	9.4119	8.7104	8.065	7.4613	6.8929	6.3556	5.8465	5.3635	4.905	4.4729	4.0737	3.7125
155.72	151.57	94.695	71.948	61.577	56.155	52.944	50.822	49.328	48.265	47.476	46.844	46.296	45.788	45.29	44.783	44.259	43.713	43.146	42.561	41.964	41.358	40.747	40.132	39.516	38.899	38.281	37.663	37.043	36.42	35.795	35.164	34.528	33.885	33.234	32.573	31.902	31.221	30.528	29.825	29.113	28.394	27.671	26.945	26.218	25.492	24.769	24.048	23.331	22.617	21.907	21.2	20.495	19.793	19.092	18.392	17.692	16.991	16.291	15.597	14.923	14.272	13.644	13.034	12.44	11.86	11.292	10.737	10.193	9.6612	9.1421	8.6506	8.1815	7.729	7.2909	6.8658	6.453	6.0519	5.662	5.2831	4.915	4.5589	4.2191	3.9006	3.6054	3.3326	3.0798	2.8446	2.625	2.421	2.2338	2.0607	1.8995	1.7485	1.6065	1.4726	1.3462	1.2272	1.1161	1.0141
244.52	165.19	67.489	34.129	22.288	17.726	15.717	14.681	14.19	13.954	13.825	13.744	13.683	13.629	13.57	13.501	13.419	13.323	13.213	13.09	12.956	12.813	12.662	12.506	12.345	12.18	12.013	11.842	11.668	11.492	11.313	11.131	10.946	10.758	10.565	10.369	10.169	9.9638	9.7543	9.5402	9.322	9.1001	8.8752	8.648	8.4192	8.1895	7.9593	7.7292	7.4993	7.2699	7.0412	6.813	6.5855	6.3584	6.1318	5.9055	5.6794	5.4534	5.2275	5.0024	4.7809	4.5655	4.3574	4.156	3.9608	3.7709	3.5859	3.4054	3.2293	3.0575	2.89	2.7287	2.5749	2.4275	2.2855	2.1484	2.0158	1.8875	1.7633	1.643	1.5267	1.4144	1.3067	1.2047	1.1096	1.0216	0.94042	0.86537	0.79578	0.73121	0.67174	0.6171	0.56667	0.51984	0.47616	0.43529	0.39697	0.36102	0.32744	0.2964
